# Units: 1/cm
# # Prepared from file: data/pdb/2AXT.pdb
# # File included 1 frames.
# CLA:C491 CLA:C492 CLA:C493 CLA:C494 CLA:C495 CLA:C496 CLA:C497 CLA:C498 CLA:C499 CLA:C500 CLA:C501 CLA:C502 CLA:C503 
     0.000     -8.697     -3.133     -1.596     -3.282     12.457     12.331      1.230     -7.927      2.393     -1.822     -0.779     -0.107
    -8.697      0.000    -23.754     74.660      1.002     -6.826     -8.345      5.685     22.528     66.001     10.792     -5.695     -0.935
    -3.133    -23.754      0.000    -18.993     -1.797     -1.164     -4.382     -5.325     -5.392    -18.586     -5.518     15.673      4.657
    -1.596     74.660    -18.993      0.000      1.516      3.207      1.705      5.727     -1.206     24.039      2.526     -2.452      3.205
    -3.282      1.002     -1.797      1.516      0.000    -15.536    -65.699    -16.702     19.768     -3.016     -1.248      2.273     -3.360
    12.457     -6.826     -1.164      3.207    -15.536      0.000     51.053      9.494    -19.738      9.196      3.735     -5.450      6.868
    12.331     -8.345     -4.382      1.705    -65.699     51.053      0.000     -8.773     59.038     -1.209     -5.583     24.217    -15.678
     1.230      5.685     -5.325      5.727    -16.702      9.494     -8.773      0.000     39.780     48.129     47.894    -16.479      8.320
    -7.927     22.528     -5.392     -1.206     19.768    -19.738     59.038     39.780      0.000    -36.058     87.055     17.759     -5.680
     2.393     66.001    -18.586     24.039     -3.016      9.196     -1.209     48.129    -36.058      0.000    -58.196     -8.939      8.206
    -1.822     10.792     -5.518      2.526     -1.248      3.735     -5.583     47.894     87.055    -58.196      0.000    -15.980      8.756
    -0.779     -5.695     15.673     -2.452      2.273     -5.450     24.217    -16.479     17.759     -8.939    -15.980      0.000    -45.551
    -0.107     -0.935      4.657      3.205     -3.360      6.868    -15.678      8.320     -5.680      8.206      8.756    -45.551      0.000
