# Units: 1/cm
# # Prepared from file: data/pdb/3bz1.pdb
# # File included 1 frames.
# CLA:B511 CLA:B512 CLA:B513 CLA:B514 CLA:B515 CLA:B516 CLA:B517 CLA:B518 CLA:B519 CLA:B520 CLA:B521 CLA:B522 CLA:B523 CLA:B524 CLA:B525 CLA:B526 
     0.000    -42.251     -0.150      0.025     -3.036     -0.131      0.602      2.287     -0.972      2.485     -0.828      0.746     -0.030     -0.502     -2.848     -0.414
   -42.251      0.000    -89.037     19.398      5.009     -6.742     -4.988      5.782    -20.377    -14.217     -4.392      5.865     -8.793     -1.804      3.717     -1.743
    -0.150    -89.037      0.000      3.381     -3.108    -57.936     -2.215     -8.102     30.480     16.133      1.704     -9.435      3.724     -1.690     -0.801     -3.537
     0.025     19.398      3.381      0.000    -42.739    -13.463     62.475      4.868    -10.034     -5.289     -1.583     18.083    -31.372      7.027     -3.000      0.369
    -3.036      5.009     -3.108    -42.739      0.000     66.352    -18.187     -1.615      0.323     -4.438     -3.532     -5.022     -7.288     -4.179     11.540     10.136
    -0.131     -6.742    -57.936    -13.463     66.352      0.000      6.161     -2.715      7.494     -4.165      5.457     -3.841      8.779      4.242      0.526      8.421
     0.602     -4.988     -2.215     62.475    -18.187      6.161      0.000      0.135      3.164      0.985      5.352     -1.390     15.086      3.613     -1.892      1.747
     2.287      5.782     -8.102      4.868     -1.615     -2.715      0.135      0.000    -15.485    -86.807    -15.328     19.342     -5.821     -2.833      3.253     -1.215
    -0.972    -20.377     30.480    -10.034      0.323      7.494      3.164    -15.485      0.000     46.070      7.996    -13.399      9.026      3.370     -2.161      4.994
     2.485    -14.217     16.133     -5.289     -4.438     -4.165      0.985    -86.807     46.070      0.000    -12.102     51.445     -1.574     -6.242     33.748     -6.890
    -0.828     -4.392      1.704     -1.583     -3.532      5.457      5.352    -15.328      7.996    -12.102      0.000    -11.617     57.644     33.471    -15.768      6.922
     0.746      5.865     -9.435     18.083     -5.022     -3.841     -1.390     19.342    -13.399     51.445    -11.617      0.000    -61.714     87.825     21.446      1.049
    -0.030     -8.793      3.724    -31.372     -7.288      8.779     15.086     -5.821      9.026     -1.574     57.644    -61.714      0.000    -60.561     -2.823      1.993
    -0.502     -1.804     -1.690      7.027     -4.179      4.242      3.613     -2.833      3.370     -6.242     33.471     87.825    -60.561      0.000    -12.058     11.750
    -2.848      3.717     -0.801     -3.000     11.540      0.526     -1.892      3.253     -2.161     33.748    -15.768     21.446     -2.823    -12.058      0.000     -9.935
    -0.414     -1.743     -3.537      0.369     10.136      8.421      1.747     -1.215      4.994     -6.890      6.922      1.049      1.993     11.750     -9.935      0.000
